name: yolov7-env
channels:
  - conda-forge
  - defaults
dependencies:
  - asttokens=2.2.1=pyhd8ed1ab_0
  - backcall=0.2.0=pyh9f0ad1d_0
  - backports=1.0=pyhd8ed1ab_3
  - backports.functools_lru_cache=1.6.4=pyhd8ed1ab_0
  - bzip2=1.0.8=h8ffe710_4
  - ca-certificates=2023.5.7=h56e8100_0
  - colorama=0.4.6=pyhd8ed1ab_0
  - comm=0.1.3=pyhd8ed1ab_0
  - cudatoolkit=11.2.2=h7d7167e_11
  - cudnn=8.1.0.77=h3e0f4f4_0
  - debugpy=1.6.7=py39h99910a6_0
  - executing=1.2.0=pyhd8ed1ab_0
  - importlib-metadata=6.6.0=pyha770c72_0
  - importlib_metadata=6.6.0=hd8ed1ab_0
  - ipykernel=6.23.1=pyh025b116_0
  - ipython=8.13.2=pyh08f2357_0
  - jedi=0.18.2=pyhd8ed1ab_0
  - jupyter_client=8.2.0=pyhd8ed1ab_0
  - jupyter_core=5.3.0=py39hcbf5309_0
  - libffi=3.4.2=h8ffe710_5
  - libsodium=1.0.18=h8d14728_1
  - libsqlite=3.40.0=hcfcfb64_1
  - libzlib=1.2.13=hcfcfb64_4
  - matplotlib-inline=0.1.6=pyhd8ed1ab_0
  - nest-asyncio=1.5.6=pyhd8ed1ab_0
  - openssl=3.1.0=hcfcfb64_3
  - packaging=23.1=pyhd8ed1ab_0
  - parso=0.8.3=pyhd8ed1ab_0
  - pickleshare=0.7.5=py_1003
  - pip=23.1.2=pyhd8ed1ab_0
  - platformdirs=3.5.1=pyhd8ed1ab_0
  - prompt-toolkit=3.0.38=pyha770c72_0
  - prompt_toolkit=3.0.38=hd8ed1ab_0
  - psutil=5.9.5=py39ha55989b_0
  - pure_eval=0.2.2=pyhd8ed1ab_0
  - pygments=2.15.1=pyhd8ed1ab_0
  - python=3.9.16=h4de0772_0_cpython
  - python-dateutil=2.8.2=pyhd8ed1ab_0
  - python_abi=3.9=3_cp39
  - pywin32=304=py39h99910a6_2
  - pyzmq=25.0.2=py39hea35a22_0
  - setuptools=67.7.2=pyhd8ed1ab_0
  - six=1.16.0=pyh6c4a22f_0
  - stack_data=0.6.2=pyhd8ed1ab_0
  - tk=8.6.12=h8ffe710_0
  - tornado=6.3.2=py39ha55989b_0
  - traitlets=5.9.0=pyhd8ed1ab_0
  - typing-extensions=4.5.0=hd8ed1ab_0
  - typing_extensions=4.5.0=pyha770c72_0
  - tzdata=2023c=h71feb2d_0
  - ucrt=10.0.22621.0=h57928b3_0
  - vc=14.3=h3d8a991_11
  - vc14_runtime=14.34.31931=h5081d32_13
  - vs2015_runtime=14.34.31931=h4c5c07a_11
  - wcwidth=0.2.6=pyhd8ed1ab_0
  - wheel=0.40.0=pyhd8ed1ab_0
  - xz=5.2.6=h8d14728_0
  - zeromq=4.3.4=h0e60522_1
  - zipp=3.15.0=pyhd8ed1ab_0
  - pip:
    - absl-py==1.4.0
    - astunparse==1.6.3
    - cachetools==5.3.0
    - certifi==2022.12.7
    - charset-normalizer==3.1.0
    - cloudpickle==2.2.1
    - coloredlogs==15.0.1
    - decorator==4.4.2
    - dm-tree==0.1.8
    - easydict==1.10
    - ffmpeg-python==0.2.0
    - filelock==3.12.0
    - flatbuffers==23.3.3
    - future==0.18.3
    - gast==0.4.0
    - google-auth==2.17.3
    - google-auth-oauthlib==1.0.0
    - google-pasta==0.2.0
    - grpcio==1.54.0
    - h5py==3.8.0
    - humanfriendly==10.0
    - idna==3.4
    - imageio==2.28.1
    - imageio-ffmpeg==0.4.8
    - initgroups==4.0
    - jax==0.4.8
    - jinja2==3.1.2
    - keras==2.12.0
    - keras-preprocessing==1.1.2
    - libclang==16.0.0
    - llvmlite==0.40.0
    - markdown==3.4.3
    - markupsafe==2.1.2
    - ml-dtypes==0.1.0
    - more-itertools==9.1.0
    - moviepy==1.0.3
    - mpmath==1.3.0
    - networkx==3.1
    - numba==0.57.0
    - numpy==1.23.5
    - oauthlib==3.2.2
    - onnx==1.13.1
    - onnx-tf==1.10.0
    - onnxruntime-gpu==1.14.1
    - openai-whisper==20230314
    - opencv-python==4.7.0.72
    - opt-einsum==3.3.0
    - pillow==9.5.0
    - proglog==0.1.10
    - protobuf==3.20.3
    - pyasn1==0.5.0
    - pyasn1-modules==0.3.0
    - pyreadline3==3.4.1
    - pyyaml==6.0
    - regex==2023.5.5
    - requests==2.29.0
    - requests-oauthlib==1.3.1
    - rsa==4.9
    - scipy==1.10.1
    - sympy==1.11.1
    - tensorboard==2.12.3
    - tensorboard-data-server==0.7.0
    - tensorboard-plugin-wit==1.8.1
    - tensorflow==2.12.0
    - tensorflow-addons==0.20.0
    - tensorflow-estimator==2.12.0
    - tensorflow-intel==2.12.0
    - tensorflow-io-gcs-filesystem==0.31.0
    - tensorflow-probability==0.19.0
    - termcolor==2.3.0
    - tiktoken==0.3.1
    - torch==2.0.1+cu117
    - torchaudio==2.0.2+cu117
    - torchvision==0.15.2+cu117
    - tqdm==4.65.0
    - typeguard==2.13.3
    - urllib3==1.26.15
    - werkzeug==2.3.3
    - wrapt==1.14.1
